#L TT           EE
30 5.629893E-04 1.137303E-03
31 6.042898E-04 1.225027E-03
32 6.309629E-04 1.279048E-03
33 6.883569E-04 1.381842E-03
34 7.176710E-04 1.448332E-03
35 7.834409E-04 1.523988E-03
36 8.296429E-04 1.631337E-03
37 8.563434E-04 1.743298E-03
38 9.075502E-04 1.804851E-03
39 9.784593E-04 1.889422E-03
40 1.024859E-03 1.992829E-03
41 1.051107E-03 2.043817E-03
42 1.112626E-03 2.162550E-03
43 1.169554E-03 2.308118E-03
44 1.228536E-03 2.436542E-03
45 1.275072E-03 2.511286E-03
46 1.348826E-03 2.627452E-03
47 1.405495E-03 2.702100E-03
48 1.457121E-03 2.837676E-03
49 1.503124E-03 2.953446E-03
50 1.575090E-03 3.144999E-03
51 1.621744E-03 3.228757E-03
52 1.705513E-03 3.400265E-03
53 1.760574E-03 3.544185E-03
54 1.835113E-03 3.730734E-03
55 1.899036E-03 3.826520E-03
56 2.005891E-03 4.006996E-03
57 2.049854E-03 4.141607E-03
58 2.120643E-03 4.256916E-03
59 2.237855E-03 4.391181E-03
60 2.267607E-03 4.493091E-03
61 2.338552E-03 4.711264E-03
62 2.418850E-03 4.818290E-03
63 2.527158E-03 4.948162E-03
64 2.612495E-03 5.156746E-03
65 2.738584E-03 5.311396E-03
66 2.737163E-03 5.559634E-03
67 2.912600E-03 5.708802E-03
68 2.955788E-03 5.813116E-03
69 3.018658E-03 6.118806E-03
70 3.086129E-03 6.172453E-03
71 3.215554E-03 6.339888E-03
72 3.343382E-03 6.594850E-03
73 3.415448E-03 6.735626E-03
74 3.469950E-03 6.912306E-03
75 3.575228E-03 7.134900E-03
76 3.635713E-03 7.318454E-03
77 3.743088E-03 7.462768E-03
78 3.787426E-03 7.706671E-03
79 3.966060E-03 7.911072E-03
80 4.029336E-03 8.142900E-03
81 4.145848E-03 8.244012E-03
82 4.282518E-03 8.669771E-03
83 4.427081E-03 8.825518E-03
84 4.488458E-03 9.012341E-03
85 4.636258E-03 9.299655E-03
86 4.756140E-03 9.535113E-03
87 4.814468E-03 9.738027E-03
88 4.939333E-03 9.978285E-03
89 5.069616E-03 1.020386E-02
90 5.165238E-03 1.042371E-02
91 5.351578E-03 1.072782E-02
92 5.403606E-03 1.096057E-02
93 5.598055E-03 1.121621E-02
94 5.673315E-03 1.146117E-02
95 5.839300E-03 1.179893E-02
96 5.946792E-03 1.206858E-02
97 6.011699E-03 1.217722E-02
98 6.248313E-03 1.247707E-02
99 6.299862E-03 1.265012E-02
100 6.452074E-03 1.291444E-02
101 6.569268E-03 1.315141E-02
102 6.766115E-03 1.339878E-02
103 6.920923E-03 1.370342E-02
104 7.151694E-03 1.394502E-02
105 7.177215E-03 1.435631E-02
106 7.291507E-03 1.444127E-02
107 7.421511E-03 1.479620E-02
108 7.584675E-03 1.532544E-02
109 7.767433E-03 1.510855E-02
110 8.003668E-03 1.561209E-02
111 8.151088E-03 1.581082E-02
112 8.339598E-03 1.622318E-02
113 8.628716E-03 1.647447E-02
114 8.478389E-03 1.701873E-02
115 8.881223E-03 1.718292E-02
116 8.939678E-03 1.740836E-02
117 9.138318E-03 1.801667E-02
118 9.223401E-03 1.830157E-02
119 9.566763E-03 1.861524E-02
120 9.671388E-03 1.891030E-02
121 9.871726E-03 1.935577E-02
122 9.982107E-03 1.994742E-02
123 1.034802E-02 1.992520E-02
124 1.022378E-02 2.049109E-02
125 1.047407E-02 2.096600E-02
126 1.063552E-02 2.109107E-02
127 1.083903E-02 2.140264E-02
128 1.097465E-02 2.160942E-02
129 1.114610E-02 2.222256E-02
130 1.128185E-02 2.236790E-02
131 1.152210E-02 2.294404E-02
132 1.166509E-02 2.336222E-02
133 1.187883E-02 2.400416E-02
134 1.194858E-02 2.411730E-02
135 1.220739E-02 2.475725E-02
136 1.253360E-02 2.477514E-02
137 1.267520E-02 2.515507E-02
138 1.294742E-02 2.541583E-02
139 1.297589E-02 2.561161E-02
140 1.333186E-02 2.645625E-02
141 1.367514E-02 2.668711E-02
142 1.378047E-02 2.731847E-02
143 1.375237E-02 2.726066E-02
144 1.411394E-02 2.817350E-02
145 1.442798E-02 2.828282E-02
146 1.461112E-02 2.909341E-02
147 1.477125E-02 2.945448E-02
148 1.502383E-02 2.924599E-02
149 1.508131E-02 2.992775E-02
150 1.544958E-02 3.056571E-02
151 1.552961E-02 3.122672E-02
152 1.587396E-02 3.141756E-02
153 1.608034E-02 3.219173E-02
154 1.628968E-02 3.236736E-02
155 1.671147E-02 3.292796E-02
156 1.661951E-02 3.331799E-02
157 1.708257E-02 3.373107E-02
158 1.711323E-02 3.447523E-02
159 1.750114E-02 3.463525E-02
160 1.753670E-02 3.529283E-02
161 1.814363E-02 3.578488E-02
162 1.813812E-02 3.638111E-02
163 1.855204E-02 3.665103E-02
164 1.864237E-02 3.729230E-02
165 1.902691E-02 3.780776E-02
166 1.926869E-02 3.835168E-02
167 1.949039E-02 3.878262E-02
168 1.973556E-02 3.926739E-02
169 2.004806E-02 3.999007E-02
170 2.024297E-02 4.034828E-02
171 2.032175E-02 4.096224E-02
172 2.092836E-02 4.171724E-02
173 2.100330E-02 4.205462E-02
174 2.137249E-02 4.315491E-02
175 2.170485E-02 4.341874E-02
176 2.223090E-02 4.394551E-02
177 2.231142E-02 4.432262E-02
178 2.261676E-02 4.512913E-02
179 2.308428E-02 4.543896E-02
180 2.316710E-02 4.663833E-02
181 2.333549E-02 4.656650E-02
182 2.358301E-02 4.740496E-02
183 2.421612E-02 4.777753E-02
184 2.444651E-02 4.844598E-02
185 2.464533E-02 4.925028E-02
186 2.478518E-02 4.957179E-02
187 2.531756E-02 5.030510E-02
188 2.564505E-02 5.066835E-02
189 2.602860E-02 5.144810E-02
190 2.599780E-02 5.237832E-02
191 2.648517E-02 5.343520E-02
192 2.675261E-02 5.341945E-02
193 2.716570E-02 5.490790E-02
194 2.750479E-02 5.518511E-02
195 2.798345E-02 5.534884E-02
196 2.813638E-02 5.586710E-02
197 2.847496E-02 5.709725E-02
198 2.880862E-02 5.766761E-02
199 2.918975E-02 5.872697E-02
200 2.945891E-02 5.843833E-02
201 2.978122E-02 5.965434E-02
202 2.999056E-02 6.003203E-02
203 3.031436E-02 6.126990E-02
204 3.059342E-02 6.161593E-02
205 3.107221E-02 6.214525E-02
206 3.139302E-02 6.285618E-02
207 3.180568E-02 6.326448E-02
208 3.258821E-02 6.410278E-02
209 3.243866E-02 6.523661E-02
210 3.312536E-02 6.590752E-02
211 3.323433E-02 6.743414E-02
212 3.395186E-02 6.799044E-02
213 3.425455E-02 6.921797E-02
214 3.462485E-02 6.863565E-02
215 3.482555E-02 6.986404E-02
216 3.513796E-02 7.040323E-02
217 3.560034E-02 7.142106E-02
218 3.600502E-02 7.201731E-02
219 3.657443E-02 7.276808E-02
220 3.701539E-02 7.346340E-02
221 3.734329E-02 7.438697E-02
222 3.784720E-02 7.537866E-02
223 3.828247E-02 7.621972E-02
224 3.841939E-02 7.679602E-02
225 3.912402E-02 7.779008E-02
226 3.940847E-02 7.924745E-02
227 3.988097E-02 7.988425E-02
228 4.053135E-02 8.083504E-02
229 4.048995E-02 8.034942E-02
230 4.144478E-02 8.205346E-02
231 4.166860E-02 8.270676E-02
232 4.203873E-02 8.390587E-02
233 4.226622E-02 8.384324E-02
234 4.296267E-02 8.513434E-02
235 4.322646E-02 8.591024E-02
236 4.373630E-02 8.748945E-02
237 4.465341E-02 8.916790E-02
238 4.478759E-02 8.906183E-02
239 4.492157E-02 8.983152E-02
240 4.565834E-02 9.132173E-02
241 4.621393E-02 9.243601E-02
242 4.639965E-02 9.380564E-02
243 4.754375E-02 9.429200E-02
244 4.821072E-02 9.563140E-02
245 4.808484E-02 9.672799E-02
246 4.856410E-02 9.694063E-02
247 4.903188E-02 9.819112E-02
248 4.994196E-02 9.959644E-02
249 4.992521E-02 9.970667E-02
250 5.059792E-02 1.018073E-01
251 5.088368E-02 1.028205E-01
252 5.145167E-02 1.035134E-01
253 5.185402E-02 1.047747E-01
254 5.267131E-02 1.046976E-01
255 5.325884E-02 1.071794E-01
256 5.368086E-02 1.074470E-01
257 5.375135E-02 1.081884E-01
258 5.496924E-02 1.096591E-01
259 5.607825E-02 1.112258E-01
260 5.583451E-02 1.122660E-01
261 5.650103E-02 1.132000E-01
262 5.660320E-02 1.141675E-01
263 5.798782E-02 1.157549E-01
264 5.806853E-02 1.170798E-01
265 5.876353E-02 1.175894E-01
266 5.926730E-02 1.192444E-01
267 5.952863E-02 1.204921E-01
268 6.031668E-02 1.208878E-01
269 6.137719E-02 1.226239E-01
270 6.171612E-02 1.241790E-01
271 6.187395E-02 1.249356E-01
272 6.286253E-02 1.261363E-01
273 6.383519E-02 1.272006E-01
274 6.427118E-02 1.280562E-01
275 6.474611E-02 1.297387E-01
276 6.541277E-02 1.306251E-01
277 6.582527E-02 1.312435E-01
278 6.634087E-02 1.330837E-01
279 6.729009E-02 1.346303E-01
280 6.769698E-02 1.343807E-01
281 6.886031E-02 1.370543E-01
282 6.877638E-02 1.377696E-01
283 7.000155E-02 1.395353E-01
284 7.035550E-02 1.409477E-01
285 7.050688E-02 1.418814E-01
286 7.180287E-02 1.436616E-01
287 7.254549E-02 1.439619E-01
288 7.262823E-02 1.463288E-01
289 7.361661E-02 1.475705E-01
290 7.452681E-02 1.490138E-01
291 7.591224E-02 1.499696E-01
292 7.603970E-02 1.525521E-01
293 7.714514E-02 1.530428E-01
294 7.736549E-02 1.546725E-01
295 7.825216E-02 1.557650E-01
296 7.935236E-02 1.559906E-01
297 8.000844E-02 1.588465E-01
298 8.140556E-02 1.603879E-01
299 8.132265E-02 1.622199E-01
300 8.200725E-02 1.629343E-01
301 8.239678E-02 1.655520E-01
302 8.324845E-02 1.659983E-01
303 8.430742E-02 1.679860E-01
304 8.475531E-02 1.693499E-01
305 8.536337E-02 1.708010E-01
306 8.629424E-02 1.720387E-01
307 8.667853E-02 1.749473E-01
308 8.788658E-02 1.748528E-01
309 8.825370E-02 1.774601E-01
310 8.878072E-02 1.772373E-01
311 9.036248E-02 1.798831E-01
312 9.163517E-02 1.815026E-01
313 9.210454E-02 1.837849E-01
314 9.348032E-02 1.839768E-01
315 9.293649E-02 1.840507E-01
316 9.463875E-02 1.875361E-01
317 9.535269E-02 1.902529E-01
318 9.642220E-02 1.917662E-01
319 9.669335E-02 1.934056E-01
320 9.760486E-02 1.959890E-01
321 9.877720E-02 1.966197E-01
322 9.931376E-02 1.990250E-01
323 1.007152E-01 2.019930E-01
324 1.012336E-01 2.027260E-01
325 1.024649E-01 2.046747E-01
326 1.040982E-01 2.067492E-01
327 1.043308E-01 2.078305E-01
328 1.049615E-01 2.100904E-01
329 1.063485E-01 2.131797E-01
330 1.072310E-01 2.141273E-01
331 1.076969E-01 2.162468E-01
332 1.085855E-01 2.175254E-01
333 1.098442E-01 2.175638E-01
334 1.109774E-01 2.208317E-01
335 1.117702E-01 2.234075E-01
336 1.126953E-01 2.248828E-01
337 1.134137E-01 2.254901E-01
338 1.151733E-01 2.289262E-01
339 1.167291E-01 2.300239E-01
340 1.168256E-01 2.315849E-01
341 1.179257E-01 2.345231E-01
342 1.183877E-01 2.375200E-01
343 1.208981E-01 2.388984E-01
344 1.212263E-01 2.420807E-01
345 1.227319E-01 2.421706E-01
346 1.230101E-01 2.450374E-01
347 1.250275E-01 2.473707E-01
348 1.245367E-01 2.477460E-01
349 1.273315E-01 2.508995E-01
350 1.279179E-01 2.526881E-01
351 1.282266E-01 2.568465E-01
352 1.302531E-01 2.579438E-01
353 1.317021E-01 2.578181E-01
354 1.325228E-01 2.627413E-01
355 1.331053E-01 2.635383E-01
356 1.335266E-01 2.670436E-01
357 1.356951E-01 2.667259E-01
358 1.355173E-01 2.707680E-01
359 1.370663E-01 2.740243E-01
360 1.377083E-01 2.758951E-01
361 1.387047E-01 2.763209E-01
362 1.399850E-01 2.800226E-01
363 1.415460E-01 2.838586E-01
364 1.433362E-01 2.862379E-01
365 1.444432E-01 2.885185E-01
366 1.456768E-01 2.898849E-01
367 1.467463E-01 2.922547E-01
368 1.480327E-01 2.943032E-01
369 1.491611E-01 2.964587E-01
370 1.504162E-01 2.993250E-01
371 1.509201E-01 3.024597E-01
372 1.528632E-01 3.039045E-01
373 1.525300E-01 3.082795E-01
374 1.544298E-01 3.095424E-01
375 1.553243E-01 3.131384E-01
376 1.560619E-01 3.144791E-01
377 1.586935E-01 3.176947E-01
378 1.600364E-01 3.221636E-01
379 1.615939E-01 3.260836E-01
380 1.621513E-01 3.258831E-01
381 1.646444E-01 3.296985E-01
382 1.654214E-01 3.327989E-01
383 1.668812E-01 3.344369E-01
384 1.683157E-01 3.379098E-01
385 1.688130E-01 3.417700E-01
386 1.716034E-01 3.431366E-01
387 1.732281E-01 3.448064E-01
388 1.725718E-01 3.492735E-01
389 1.749668E-01 3.507458E-01
390 1.763803E-01 3.540097E-01
391 1.777837E-01 3.560804E-01
392 1.796177E-01 3.578850E-01
393 1.811188E-01 3.609455E-01
394 1.836665E-01 3.664008E-01
395 1.858227E-01 3.691944E-01
396 1.863232E-01 3.692814E-01
397 1.869505E-01 3.741171E-01
398 1.895338E-01 3.774971E-01
399 1.904283E-01 3.800988E-01
400 1.926336E-01 3.824191E-01
401 1.929860E-01 3.857430E-01
402 1.959994E-01 3.906777E-01
403 1.966135E-01 3.936778E-01
404 1.979933E-01 3.988684E-01
405 1.990680E-01 3.996031E-01
406 2.008800E-01 4.036259E-01
407 2.032453E-01 4.074756E-01
408 2.048044E-01 4.066569E-01
409 2.082313E-01 4.135003E-01
410 2.091910E-01 4.139049E-01
411 2.099066E-01 4.195039E-01
412 2.122618E-01 4.238663E-01
413 2.135883E-01 4.267607E-01
414 2.159320E-01 4.282807E-01
415 2.163168E-01 4.309432E-01
416 2.190204E-01 4.367371E-01
417 2.200637E-01 4.395044E-01
418 2.240614E-01 4.437694E-01
419 2.235751E-01 4.465683E-01
420 2.255724E-01 4.511480E-01
421 2.276134E-01 4.567945E-01
422 2.327821E-01 4.590563E-01
423 2.308053E-01 4.617127E-01
424 2.334502E-01 4.685466E-01
425 2.350527E-01 4.681603E-01
426 2.364536E-01 4.734577E-01
427 2.383600E-01 4.738220E-01
428 2.406105E-01 4.766613E-01
429 2.411463E-01 4.860290E-01
430 2.461197E-01 4.880354E-01
431 2.469054E-01 4.911801E-01
432 2.491451E-01 4.962482E-01
433 2.497822E-01 4.974742E-01
434 2.524386E-01 5.069572E-01
435 2.535412E-01 5.044902E-01
436 2.564970E-01 5.126811E-01
437 2.580028E-01 5.148953E-01
438 2.587138E-01 5.200877E-01
439 2.632516E-01 5.242808E-01
440 2.652273E-01 5.240859E-01
441 2.684916E-01 5.294126E-01
442 2.697100E-01 5.311978E-01
443 2.707272E-01 5.404134E-01
444 2.734859E-01 5.457889E-01
445 2.737647E-01 5.500607E-01
446 2.777752E-01 5.530707E-01
447 2.798344E-01 5.581454E-01
448 2.827148E-01 5.629905E-01
449 2.827635E-01 5.678249E-01
450 2.879499E-01 5.712371E-01
451 2.877092E-01 5.783976E-01
452 2.913330E-01 5.806798E-01
453 2.931929E-01 5.828270E-01
454 2.958714E-01 5.909168E-01
455 2.976133E-01 5.945681E-01
456 3.004600E-01 5.978599E-01
457 3.040051E-01 6.054025E-01
458 3.060193E-01 6.145544E-01
459 3.071097E-01 6.153912E-01
460 3.105780E-01 6.215902E-01
461 3.141069E-01 6.234396E-01
462 3.149106E-01 6.261468E-01
463 3.168069E-01 6.362703E-01
464 3.191234E-01 6.368753E-01
465 3.212546E-01 6.446428E-01
466 3.252445E-01 6.514288E-01
467 3.265148E-01 6.514479E-01
468 3.277461E-01 6.586795E-01
469 3.318024E-01 6.611912E-01
470 3.352005E-01 6.655862E-01
471 3.391910E-01 6.704986E-01
472 3.399776E-01 6.786713E-01
473 3.435328E-01 6.860090E-01
474 3.456776E-01 6.900302E-01
475 3.479878E-01 6.896974E-01
476 3.500916E-01 7.005480E-01
477 3.532509E-01 7.033924E-01
478 3.565014E-01 7.152473E-01
479 3.609919E-01 7.122770E-01
480 3.606524E-01 7.196810E-01
481 3.645371E-01 7.242731E-01
482 3.659040E-01 7.342979E-01
483 3.707563E-01 7.356066E-01
484 3.717661E-01 7.450110E-01
485 3.739165E-01 7.476287E-01
486 3.770699E-01 7.593225E-01
487 3.820865E-01 7.620694E-01
488 3.843100E-01 7.670222E-01
489 3.860434E-01 7.693487E-01
490 3.897628E-01 7.762564E-01
491 3.951527E-01 7.838897E-01
492 3.967950E-01 7.857119E-01
493 3.971924E-01 7.958116E-01
494 4.007888E-01 8.020730E-01
495 4.040599E-01 8.129556E-01
496 4.064509E-01 8.081790E-01
497 4.106463E-01 8.206419E-01
498 4.125633E-01 8.216400E-01
499 4.165893E-01 8.354944E-01
500 4.182942E-01 8.419261E-01
501 4.225641E-01 8.444650E-01
502 4.282209E-01 8.492406E-01
503 4.285403E-01 8.569832E-01
504 4.326895E-01 8.659499E-01
505 4.382942E-01 8.748121E-01
506 4.416462E-01 8.760167E-01
507 4.433584E-01 8.827877E-01
508 4.463924E-01 8.964467E-01
509 4.513768E-01 8.973662E-01
510 4.531266E-01 8.999961E-01
511 4.580169E-01 9.206448E-01
512 4.582551E-01 9.153628E-01
513 4.625006E-01 9.240811E-01
514 4.662591E-01 9.310355E-01
515 4.688498E-01 9.424054E-01
516 4.719642E-01 9.425698E-01
517 4.767341E-01 9.542722E-01
518 4.809638E-01 9.599007E-01
519 4.858165E-01 9.698947E-01
520 4.880708E-01 9.689312E-01
521 4.933096E-01 9.881056E-01
522 4.969299E-01 9.940587E-01
523 5.022542E-01 9.945492E-01
524 5.052587E-01 1.012857E+00
525 5.066290E-01 1.013311E+00
526 5.109588E-01 1.024563E+00
527 5.133692E-01 1.030684E+00
528 5.191860E-01 1.038522E+00
529 5.236156E-01 1.039028E+00
530 5.275730E-01 1.045315E+00
531 5.271581E-01 1.058292E+00
532 5.369359E-01 1.063271E+00
533 5.383346E-01 1.079484E+00
534 5.436658E-01 1.082153E+00
535 5.462449E-01 1.099519E+00
536 5.510368E-01 1.101621E+00
537 5.569496E-01 1.108259E+00
538 5.584737E-01 1.111877E+00
539 5.642929E-01 1.121901E+00
540 5.687116E-01 1.133758E+00
541 5.739601E-01 1.134865E+00
542 5.783775E-01 1.144461E+00
543 5.852593E-01 1.161338E+00
544 5.856572E-01 1.167213E+00
545 5.899986E-01 1.174171E+00
546 5.904792E-01 1.183481E+00
547 5.947859E-01 1.199379E+00
548 5.985031E-01 1.199202E+00
549 6.041755E-01 1.217405E+00
550 6.126091E-01 1.221439E+00
551 6.167799E-01 1.230312E+00
552 6.191183E-01 1.237332E+00
553 6.276647E-01 1.249122E+00
554 6.286535E-01 1.259803E+00
555 6.315120E-01 1.267378E+00
556 6.384498E-01 1.280028E+00
557 6.441901E-01 1.287534E+00
558 6.534161E-01 1.289200E+00
559 6.519172E-01 1.308177E+00
560 6.590416E-01 1.312006E+00
561 6.624783E-01 1.326757E+00
562 6.697213E-01 1.332151E+00
563 6.699672E-01 1.348921E+00
564 6.780271E-01 1.356613E+00
565 6.802053E-01 1.364746E+00
566 6.859773E-01 1.374672E+00
567 6.931657E-01 1.385458E+00
568 6.963284E-01 1.390546E+00
569 6.976301E-01 1.398017E+00
570 7.055756E-01 1.406751E+00
571 7.090116E-01 1.421441E+00
572 7.151934E-01 1.430775E+00
573 7.236603E-01 1.450767E+00
574 7.263624E-01 1.464942E+00
575 7.352863E-01 1.469072E+00
576 7.436028E-01 1.471621E+00
577 7.408954E-01 1.492037E+00
578 7.474041E-01 1.499769E+00
579 7.531058E-01 1.499530E+00
580 7.597475E-01 1.517280E+00
581 7.674382E-01 1.532702E+00
582 7.706873E-01 1.540570E+00
583 7.794771E-01 1.554901E+00
584 7.821096E-01 1.568182E+00
585 7.906059E-01 1.582795E+00
586 7.918394E-01 1.594745E+00
587 8.025483E-01 1.591105E+00
588 8.045627E-01 1.608858E+00
589 8.107125E-01 1.618778E+00
590 8.173273E-01 1.634904E+00
591 8.229867E-01 1.630463E+00
592 8.229199E-01 1.652169E+00
593 8.335198E-01 1.667617E+00
594 8.418531E-01 1.681734E+00
595 8.500030E-01 1.687710E+00
596 8.528708E-01 1.704912E+00
597 8.566403E-01 1.725021E+00
598 8.690741E-01 1.725973E+00
599 8.786323E-01 1.742491E+00
600 8.770445E-01 1.758319E+00
601 8.842640E-01 1.776257E+00
602 8.880762E-01 1.781314E+00
603 8.984606E-01 1.801362E+00
604 9.075271E-01 1.802975E+00
605 9.064263E-01 1.821932E+00
606 9.142550E-01 1.830709E+00
607 9.190233E-01 1.846603E+00
608 9.299036E-01 1.864381E+00
609 9.403936E-01 1.877703E+00
610 9.414882E-01 1.896792E+00
611 9.466901E-01 1.912301E+00
612 9.553082E-01 1.913451E+00
613 9.619315E-01 1.931382E+00
614 9.664542E-01 1.938491E+00
615 9.761240E-01 1.957095E+00
616 9.864274E-01 1.965703E+00
617 9.922313E-01 1.996505E+00
618 9.992625E-01 1.988118E+00
619 1.005503E+00 2.004064E+00
620 1.013025E+00 2.022020E+00
